% function evaluation | noise-free fitness - Fopt (6.870000000000e+00) | best noise-free fitness - Fopt | measured fitness | best measured fitness | x1 | x2...
1 +2.513650136e+01 +2.513650136e+01 +3.200650136e+01 +3.200650136e+01 +2.3043e+00 -2.4220e+00 -4.4080e+00 -2.5588e+00 +3.1881e+00 -1.2939e+00 +3.5628e+00 +2.1498e+00 -2.1274e+00 +4.1625e+00
2 +1.622443892e+01 +1.622443892e+01 +2.309443892e+01 +2.309443892e+01 -2.8393e+00 -1.0480e+00 -2.0106e+00 -2.6949e-01 -1.2258e+00 +1.5768e+00 -2.4313e+00 +2.7065e+00 +2.9290e+00 +3.1417e+00
3 +8.070622447e+00 +8.070622447e+00 +1.494062245e+01 +1.494062245e+01 +2.3431e+00 -4.2979e+00 -2.2345e+00 -1.6498e+00 -3.3577e-01 +1.5861e+00 +1.7067e+00 -4.6605e-01 -4.5063e+00 +1.7699e+00
51 +6.039191207e+00 +6.039191207e+00 +1.290919121e+01 +1.290919121e+01 -3.1749e+00 +4.4878e+00 +4.6999e+00 +3.7115e+00 -4.3039e+00 -3.9431e+00 +4.4210e+00 +2.9084e+00 +4.8275e+00 +1.3184e+00
121 +2.808035885e+00 +2.808035885e+00 +9.678035885e+00 +9.678035885e+00 +3.1682e+00 +1.6167e+00 +7.1514e-01 -1.5449e+00 +4.3918e+00 -1.6018e-01 +1.6387e-01 -1.8559e+00 +3.5669e+00 -3.3149e+00
1043 +2.135917388e+00 +2.135917388e+00 +9.005917388e+00 +9.005917388e+00 +2.3102e+00 +1.9032e+00 -2.0093e+00 -3.3382e+00 +2.8337e+00 -1.1736e+00 -1.3276e+00 -8.0596e-01 +2.1081e+00 -4.1101e+00
5943 +1.577704795e+00 +1.577704795e+00 +8.447704795e+00 +8.447704795e+00 +2.3145e+00 +1.9062e+00 -2.0147e+00 -3.3384e+00 +2.8337e+00 -1.1743e+00 -1.3286e+00 -8.0632e-01 +2.1109e+00 -4.1098e+00
21926 +9.703457413e-01 +9.703457413e-01 +7.840345741e+00 +7.840345741e+00 +2.3133e+00 +1.9049e+00 -2.0285e+00 -3.3372e+00 +2.8350e+00 -1.1743e+00 -1.3290e+00 -8.0786e-01 +2.1100e+00 -4.1096e+00
35526 +6.097316580e-01 +6.097316580e-01 +7.479731658e+00 +7.479731658e+00 +2.3131e+00 +1.9059e+00 -2.0249e+00 -3.3374e+00 +2.8380e+00 -1.1743e+00 -1.3283e+00 -8.1118e-01 +2.1053e+00 -4.1085e+00
